001 010 011 100 101 110 111 000 
010 100 110 000 010 100 110 000 
011 110 001 100 111 010 101 000 
100 000 100 000 100 000 100 000 
101 010 111 100 001 110 011 000 
110 100 010 000 110 100 010 000 
111 110 101 100 011 010 001 000 
000 000 000 000 000 000 000 000 

001 000 001 000 001 000 001 000 
000 010 010 000 000 010 010 000 
001 010 011 000 001 010 011 000 
000 000 000 100 100 100 100 000 
001 000 001 100 101 100 101 000 
000 010 010 100 100 110 110 000 
001 010 011 100 101 110 111 000 
000 000 000 000 000 000 000 000 

001 011 011 101 101 111 111 001 
011 010 011 110 111 110 111 010 
011 011 011 111 111 111 111 011 
101 110 111 100 101 110 111 100 
101 111 111 101 101 111 111 101 
111 110 111 110 111 110 111 110 
111 111 111 111 111 111 111 111 
001 010 011 100 101 110 111 000 
